2147483647
509
337644 2869923 3205719 4306665 5704135 5984804 7224870 14339853 21993653 23529063 24054840 33937003 34942904 37197632 39788576 41162648 42377256 45086947 47086083 47229739 51571170 53061615 56943248 56962429 61225600 68306050 69263558 72309648 74133621 76677498 81060582 86965865 87679029 89280529 91014998 93814931 100455393 107381715 108641373 108816532 108944800 108989434 109526187 112790651 116676339 117245479 119828717 122458904 127138385 128249989 131929016 133468241 134635855 142184035 144964559 151154675 154763830 154767783 156491442 156879032 158317739 158858466 162167819 168797082 171027633 171404010 171657813 173178473 173950722 178433737 178443579 180557027 181966701 187556091 193579894 194850041 195514251 196047235 200954120 207451962 209214553 210196680 212279506 215018081 219128141 220150826 221082869 223601085 227866852 228916482 230147405 231561668 247489314 248317868 248713653 249648300 250484331 253261162 254065377 256542848 268512062 270654573 271454578 271752159 276636463 277865259 280795915 281533406 282574120 282585615 286175525 286741612 286767986 290526538 290908138 293385887 295474957 296614246 298396195 300774657 304309066 304549768 304978810 307800450 308284219 308825686 311164457 314844045 316442654 318048793 318936776 319230240 319810071 323350782 325390167 326246026 326913750 327810224 329453196 329465246 330623826 331071866 331619186 331799345 333422694 336740193 337464206 342736375 343674985 346524002 348680891 350482264 351244159 361548115 367429788 369832675 376363923 378379442 378722856 379070214 379161111 379221550 380385130 381590713 385357684 385494159 385770354 392406075 393787689 402147879 404708331 405246640 405329267 406560988 409396139 411746867 413184613 416718489 418284742 420849488 422275955 423394391 424276694 424536496 427728747 432167898 433148991 434653027 434701473 435491360 435844354 438377531 439964450 441779441 442103608 442575921 443253786 445070664 445604569 446328999 451140982 451366540 451994386 452269520 453797288 454195029 456425720 459902653 460614725 461323525 464877591 470231738 471690811 472488427 473573923 475114999 476718934 482245636 485116745 486971040 487837148 488415131 488631736 489985854 490831857 493492138 498224766 501786993 503059345 503366787 505194285 505405055 505553003 506310913 508784485 512058564 513820856 517808321 519218022 520036798 521164585 522927853 525477868 528146694 529302822 529944271 530484151 530904682 534489566 534670772 538351903 542467268 545491827 546897790 548176923 549604166 553107215 558622651 559111754 560156510 561586750 561757501 562182026 564203684 575880617 577704087 580234524 583675770 584285950 586336283 587486758 587827531 588434843 590615857 591761826 592887340 593567753 598168203 598372175 601035234 602034520 607973844 608958606 610229656 610607801 611002586 613101361 613898793 616557430 617369541 618000077 626516118 627103058 629444410 629485005 629493367 631767341 632162535 633841246 634852015 636501625 637468678 645526002 645615217 646213083 662272007 663169492 667899701 668483907 668797459 669874933 670795788 671648967 672360499 675117160 678910279 682577581 684034421 690156244 691115186 692176346 693561035 695839670 699264852 701250570 702238641 706501728 707594430 708510784 710187677 710451492 711152552 716161705 716330842 716771012 717495476 720201341 720407523 722051615 722718649 723998354 729750815 729761208 730276767 735138967 742916577 747934473 748294037 764995736 765748681 766249843 775515335 777857221 780234423 789625486 792448505 796140812 798189752 799308877 799502303 803111986 803394615 804839288 806087082 809419335 810343796 811311458 812279519 812929870 815508864 815758523 816867225 818141612 818449550 819012871 820457140 821797483 822337931 826583232 827338585 827660061 831476608 831573757 831783293 834528407 835337550 835841575 838267675 841184532 841643363 842696663 843754400 844472455 845222817 846491979 863762067 866470580 869002309 869618086 870057820 871002989 874958199 875660871 875709471 876500106 877279260 885841877 889125072 897638101 898060475 900575658 907588736 907928408 908869364 912361369 912496111 912953978 914143749 914840469 919022832 920200686 920387143 922835423 924370551 925070583 925136221 925812945 931928517 932884580 936612201 937825374 937858337 941197303 943993029 944487198 948918979 949365151 949613716 950858437 951923399 958298510 959401495 960225101 962392695 964242608 964281693 965246858 965556376 965637075 968734253 971173319 973109048 977607645 980818680 986408105 986665071 987983303 988653751 991572137 991740252 992347850 997507243 1000561954 1001272228 1001485663 1002664045 1005143651 1006369163 1006867142 1007168592 1011064762 1013627704 1020461522 1021838748 1021883743 1022351385 1030958582 1036559733 1036765848 1038583762 1040669404 1042331138 1043027300 1043883519 1044363195 1047722595 1047841043 1052842208 1057440713 1058955348 1059389700 1060430970 1063684515 1063768814 1068477053 1069335881 1072553992 1074929655 1078147766 1079006594 1083714833 1083799132 1087052677 1088093947 1088528299 1090042934 1094641439 1099642604 1099761052
16
1930499021 2133179392 35 675960951 720105278 1471522696 1740922659 1742154380 1742237007 1742775316 1745335768 1753695958 1755077572 1761713293 1761989488 1762125963 1765892934 1767098517 1768262097 1768322536 1768413433 1768760791 1769104205 1771119724 1777650972 1780053859 1785935532 1796239488 1797001383 1798802756 1798839503 1800959645 1803808662 1804747272 1810019441 1810743454 1814060953 1815684302
148950411 1466613843 35 675960951 693915940 1436331095 1437032155 1437295970 1438972863 1439889217 1440981919 1445245006 1446233077 1448218795 1451643977 1453567707 1453922612 1455307301 1456368461 1457327403 1463449226 1464906066 1468573368 1471522696 1472366487 1475123148 1475834680 1476687859 1477608714 1478686188 1478999740 1479583946 1484314155 1485211640 1501270564 1501868430 1501957645 1510014969
1862654824 1884265879 35 538520711 675960951 1471522696 1815864461 1816411781 1816859821 1818018401 1818030451 1819673423 1820569897 1821237621 1822093480 1824132865 1827673576 1828253407 1828546871 1829434854 1831040993 1832639602 1836319190 1838657961 1839199428 1839683197 1842504837 1842933879 1843174581 1846708990 1849087452 1850869401 1852008690 1854097760 1856575509 1856957109 1860715661 1860742035
158884351 787496044 35 348644144 675960951 1471522696 1693288618 1693686359 1695214127 1695489261 1696117107 1696342665 1701154648 1701879078 1702412983 1704229861 1704907726 1705380039 1705704206 1707519197 1709106116 1711639293 1711992287 1712782174 1712830620 1714334656 1715315749 1719754900 1722947151 1723206953 1724089256 1725207692 1726634159 1729198905 1730765158 1734299034 1735736780 1738087508
143383697 552030473 35 3313627 675960951 1471522696 1946529527 1951436412 1951969396 1952633606 1953903753 1959927556 1965516946 1966926620 1969040068 1969049910 1973532925 1974305174 1975825834 1976079637 1976456014 1978686565 1983855498 1985315828 1988625181 1989165908 1990604615 1990992205 1992715864 1992719817 1996328972 2002519088 2005299612 2012847792 2014015406 2015554631 2019233658 2020345262
1 0 35 3313627 118152248 124028105 163628149 348644144 505812588 511274869 538520711 548596861 693915940 716346231 720105278 769129305 869107803 1378354342 1431137416 1453567707 1598886786 1636208778 2023455542 2025024743 2027654930 2030238168 2030807308 2034692996 2037957460 2038494213 2038538847 2038667115 2038842274 2040101932 2047028254 2053668716 2056468649 2058203118
97808561 109910218 35 163628149 675960951 1471522696 1510982022 1512631632 1513642401 1515321112 1515716306 1517990280 1517998642 1518039237 1520380589 1520967529 1529483570 1530114106 1530926217 1533584854 1534382286 1536481061 1536875846 1537253991 1538525041 1539509803 1545449127 1546448413 1549111472 1549315444 1553915894 1554596307 1555721821 1559048804 1559656116 1559996889 1561147364 1563197697
303505131 1298949612 35 511274869 675960951 1166664967 1169876002 1174374599 1176310328 1178749394 1181846572 1181927271 1182236789 1183201954 1183241039 1185090952 1187258546 1188082152 1189185137 1195560248 1196625210 1197869931 1198118496 1198564668 1202996449 1203490618 1206286344 1209625310 1209658273 1210871446 1214599067 1215555130 1221670702 1222347426 1222413064 1223113096 1471522696 1636208778
770193911 975322303 35 675960951 869107803 1471522696 1633662791 1635425083 1638699162 1641172734 1641671059 1641930644 1642078592 1642289362 1644116860 1644424302 1645696654 1649258881 1653991509 1656651790 1657497793 1658851911 1659068516 1659646499 1660512607 1662366902 1665238011 1670764713 1672368648 1673909724 1674995220 1675792836 1677251909 1682606056 1686160122 1686868922 1687580994 1691057927
1936398685 963376316 35 548596861 675960951 1224648224 1227096504 1227282961 1228460815 1232643178 1233339898 1234529669 1234987536 1235122278 1238614283 1239555239 1239894911 1246907989 1249423172 1249845546 1258358575 1261641770 1270204387 1270983541 1271774176 1271822776 1272525448 1276480658 1277425827 1277865561 1278375844 1278481338 1281013067 1283721580 1300991668 1302260830 1471522696 1598886786
2002437239 468721503 35 505812588 675960951 1471522696 1563807877 1567249123 1569779560 1571603030 1583279963 1585301621 1585726146 1585896897 1587327137 1588371893 1588860996 1594376432 1597879481 1599306724 1600585857 1601991820 1605016379 1608962936 1609131744 1612812875 1612994081 1616578965 1616999496 1617539376 1618180825 1619336953 1622005779 1624555794 1626319062 1627446849 1628265625 1629675326
2 0 35 2029331399 2059804618 2060517782 2066423065 2070806149 2073350026 2075173999 2078220089 2079177597 2086258047 2090521218 2090540399 2094422032 2095912477 2100253908 2100397564 2102396700 2105106391 2106320999 2107695071 2110286015 2112540743 2113546644 2123428807 2123954584 2125489994 2133143794 2140258777 2141498843 2141779512 2143176982 2144170020 2144277928 2144613724 2147146003
757358902 2108755999 35 118152248 675960951 1471522696 1861308122 1864898032 1864909527 1865950241 1866687732 1869618388 1870847184 1875731488 1876029069 1876829074 1878971585 1890940799 1893418270 1894222485 1896999316 1897835347 1898769994 1899165779 1899994333 1915921979 1917336242 1918567165 1919616795 1923882562 1926400778 1927332821 1928355506 1932465566 1935204141 1937286967 1938269094 1940031685
486851724 205417238 35 124028105 675960951 1103120452 1103600128 1104456347 1105152509 1106814243 1108899885 1110717799 1110923914 1116525065 1125132262 1125599904 1125644899 1127022125 1133855943 1136418885 1140315055 1140616505 1141114484 1142339996 1144819602 1145997984 1146211419 1146921693 1149976404 1155135797 1155743395 1155911510 1158829896 1159500344 1160818576 1161075542 1471522696 2023455542
1993439279 1958658005 35 675960951 716346231 1303011192 1303729247 1304786984 1305840284 1306299115 1309215972 1311642072 1312146097 1312955240 1315700354 1315909890 1316007039 1319823586 1320145062 1320900415 1325145716 1325686164 1327026507 1328470776 1329034097 1329342035 1330616422 1331725124 1331974783 1334553777 1335204128 1336172189 1337139851 1338064312 1341396565 1342644359 1431137416 1471522696
2085915659 720566802 35 675960951 769129305 1344089032 1344371661 1347981344 1348174770 1349293895 1351342835 1355035142 1357858161 1367249224 1369626426 1371968312 1378354342 1381233804 1381734966 1382487911 1399189610 1399549174 1404567070 1412344680 1417206880 1417722439 1417732832 1423485293 1424764998 1425432032 1427076124 1427282306 1427378369 1429988171 1430712635 1431152805 1431321942 1471522696
